0.5911111	0.5555556	0.6519097487131754
0.85079366	0.842963	0.45409324765205383
0.85650796	0.8607407	0.36137648423512775
0.8742857	0.8622222	0.3315753887097041
0.8679365	0.8711111	0.33278408149878186
0.871746	0.8622222	0.3282542626063029
0.8755556	0.8888889	0.3139139513174693
0.8806349	0.8666667	0.3034673035144806
0.8838095	0.88	0.29859665284554165
0.8806349	0.88296294	0.31662022322416306
0.8857143	0.87703705	0.3184414654970169
0.8819048	0.8785185	0.3161730219920476
0.8831746	0.8874074	0.30534176031748456
0.8806349	0.8785185	0.3016403913497925
0.8907936	0.87259257	0.2909533033768336
0.8838095	0.8711111	0.29505159209171933
0.8857143	0.88296294	0.29946741958459216
0.8895238	0.88148147	0.2894630233446757
0.8895238	0.8888889	0.28098669399817783
0.8901587	0.8562963	0.2792646363377571
0.888254	0.8977778	0.27875883628924686
0.8787302	0.89037037	0.29454423238833743
0.8996825	0.8755556	0.2696583593885104
0.8711111	0.90074074	0.2959105148911476
0.8939682	0.8696296	0.2882402042547862
0.8806349	0.89185184	0.3120563526948293
0.8933333	0.8755556	0.25360068182150525
0.8869841	0.8933333	0.28913600246111554
0.8984127	0.88	0.26748742163181305
0.8977778	0.8933333	0.2861035466194153
0.8806349	0.89925927	0.2988026390473048
0.8965079	0.9022222	0.28953148672978085
0.8971428	0.89037037	0.26538461446762085
0.9003175	0.8888889	0.26937930782636005
0.8996825	0.90074074	0.26664011428753537
0.8996825	0.8948148	0.2799149478475253
0.9015873	0.88592595	0.2491264815131823
0.9028571	0.88	0.23804760227600733
0.8977778	0.90518516	0.2680363928278287
0.8946032	0.8962963	0.26417137930790585
0.8825397	0.917037	0.2732801189025243
0.8990476	0.88148147	0.2502254794041316
0.8907936	0.90814817	0.27939215302467346
0.8971428	0.91407406	0.2662297983964284
0.9022222	0.9022222	0.27005404730637866
0.8933333	0.91851854	0.25342001765966415
0.91238093	0.8874074	0.24331316103537878
0.9085714	0.8844444	0.25199104597171146
0.8939682	0.90074074	0.2773572752873103
0.8990476	0.90962964	0.25146837035814923
0.9079365	0.89925927	0.2313528979818026
0.90920633	0.89037037	0.2423446699976921
0.904127	0.90074074	0.24317403386036554
0.9142857	0.8888889	0.23112682004769644
0.9015873	0.8977778	0.240107794602712
0.8990476	0.91407406	0.23353250324726105
0.9073016	0.90074074	0.23827297488848367
0.8996825	0.9274074	0.25028903037309647
0.9028571	0.8711111	0.2317680592338244
0.9104762	0.8933333	0.24189829578002295
0.8850794	0.8607407	0.2311898941795031
0.9073016	0.8785185	0.25481003522872925
0.9111111	0.90518516	0.23947450270255408
0.9168254	0.88592595	0.22407580415407816
0.9034921	0.9214815	0.24055387576421103
0.8819048	0.89185184	0.2459843878944715
0.9130159	0.8948148	0.2644981270035108
0.9111111	0.89925927	0.24868180602788925
0.8990476	0.88592595	0.24546618511279425
0.8952381	0.8888889	0.25295915454626083
0.9085714	0.90814817	0.25341176986694336
0.90920633	0.90962964	0.22668382277091345
0.91809523	0.8933333	0.22201713919639587
0.9104762	0.917037	0.2256102909644445
0.9047619	0.9303704	0.22851617385943732
0.9168254	0.9022222	0.21773711095253626
0.91555554	0.9214815	0.2289333368341128
0.9142857	0.92296296	0.2352902740240097
0.92698413	0.88148147	0.1981649398803711
0.92444444	0.90518516	0.2289335901538531
0.91555554	0.9022222	0.21551861862341562
0.91238093	0.9066667	0.22530870139598846
0.9193651	0.92296296	0.2136638288696607
0.9142857	0.93185186	0.20852724462747574
0.91238093	0.9037037	0.2239313026269277
0.9130159	0.91407406	0.22585462033748627
0.91809523	0.91555554	0.22180293748776117
0.91555554	0.90962964	0.21714970221122107
0.9073016	0.8888889	0.21185934791962305
0.9174603	0.9288889	0.2313284526268641
0.9168254	0.917037	0.22898784776528677
0.9288889	0.91851854	0.21938119580348334
0.9225397	0.9451852	0.21218354751666388
0.9288889	0.91555554	0.2021313632527987
0.92761904	0.9274074	0.21485362698634466
0.9206349	0.93777776	0.20060167958339056
0.93396825	0.91555554	0.1831898627181848
0.93015873	0.9274074	0.18855398893356323
0.9085714	0.8962963	0.19767400125662485
0.9206349	0.9451852	0.20163927227258682
0.92761904	0.9274074	0.17839947218696275
0.93142855	0.93333334	0.1897690917054812
0.93333334	0.92296296	0.18533199528853098
0.93650794	0.92	0.17775966227054596
0.93333334	0.9348148	0.17238403980930647
0.9231746	0.90814817	0.19783785939216614
0.9352381	0.917037	0.1973908692598343
0.93396825	0.91851854	0.16903397192557654
0.9352381	0.9274074	0.18576407929261526
0.93714285	0.9362963	0.1754236395160357
0.93714285	0.94074076	0.17563366144895554
0.92190474	0.92296296	0.1837273339430491
0.8984127	0.8888889	0.1814798265695572
0.8742857	0.9022222	0.28321244815985364
0.92126983	0.92296296	0.22620044151941934
0.92190474	0.90962964	0.19805009166399637
0.9263492	0.92444444	0.20095672955115637
0.93460315	0.9288889	0.18850408494472504
0.93396825	0.93777776	0.1777226428190867
0.94285715	0.9274074	0.1575414352118969
0.93777776	0.9496296	0.1796068772673607
0.93587303	0.9274074	0.17456410576899847
0.94666666	0.93185186	0.1587034103771051
0.9320635	0.92444444	0.15518017609914145
0.9225397	0.917037	0.19048486525813738
0.9384127	0.9288889	0.17348390072584152
0.9263492	0.91407406	0.18850298722585043
0.9415873	0.9496296	0.17686150719722113
0.94095236	0.9362963	0.1579310434559981
0.94857144	0.94074076	0.15590429802735647
0.9536508	0.9274074	0.1350342370569706
0.93968254	0.9362963	0.15110266829530397
0.94412696	0.94666666	0.15256417294343314
0.94476193	0.94222224	0.13901538153489432
0.95047617	0.94222224	0.1335233673453331
0.95492065	0.9362963	0.13755022858579954
0.94730157	0.94074076	0.1410493105649948
0.94730157	0.9437037	0.1277202988664309
0.94730157	0.93777776	0.12634105856219927
0.93142855	0.92296296	0.14057660351196924
0.94349205	0.94666666	0.14472410455346107
0.94095236	0.94814813	0.15372194846471152
0.95301586	0.93925923	0.13622437044978142
0.93460315	0.94814813	0.14879925921559334
0.95301586	0.9585185	0.1361807013551394
0.95238096	0.95555556	0.1329018734395504
0.9568254	0.95111114	0.13705665866533914
0.95238096	0.9525926	0.14512924974163374
0.9238095	0.93185186	0.16057995955149332
0.94857144	0.92296296	0.16770618657271066
0.93333334	0.90518516	0.12131171549359958
0.95428574	0.93777776	0.14518174156546593
0.95428574	0.93925923	0.1296526218454043
0.95238096	0.9540741	0.11814685724675655
0.95746034	0.95111114	0.11845292026797931
0.9536508	0.9451852	0.12933848177393278
0.95555556	0.95555556	0.12997558588782945
0.95873016	0.95703703	0.10819824660817783
0.95619047	0.94814813	0.11848658323287964
0.95873016	0.95703703	0.10951395456989606
0.93904763	0.9348148	0.10449016342560451
0.9320635	0.91851854	0.11343903591235478
0.93714285	0.93185186	0.16045734783013663
0.9288889	0.93333334	0.1657331387201945
0.9326984	0.94222224	0.1598168984055519
0.95174605	0.9451852	0.15120305120944977
0.95555556	0.9496296	0.12676832204063734
0.96190476	0.95111114	0.10613660452266534
0.96507937	0.9585185	0.11109662428498268
0.95555556	0.9540741	0.11815539623300235
0.96380955	0.9540741	0.10397150740027428
0.94793653	0.93925923	0.11859251310427983
0.96063495	0.95111114	0.11398395150899887
0.9568254	0.95703703	0.11888772249221802
0.96190476	0.96	0.10199940577149391
0.96825397	0.95555556	0.10368985558549564
0.96761906	0.962963	0.1005374180773894
0.9657143	0.96592593	0.09617742151021957
0.97015876	0.9718518	0.09599299728870392
0.94793653	0.95703703	0.10195294270912807
0.97079366	0.9496296	0.08643476106226444
0.97333336	0.962963	0.09026604518294334
0.9695238	0.97481483	0.10570852955182393
0.96507937	0.95703703	0.10458298710485299
0.96761906	0.9674074	0.1047761266430219
0.9657143	0.96	0.10274986177682877
0.9536508	0.94222224	0.09958203261097272
0.96507937	0.962963	0.10749286040663719
0.96126986	0.962963	0.10102443397045135
0.96825397	0.96148145	0.10839202503363292
0.9625397	0.96148145	0.11137576028704643
0.9688889	0.94814813	0.08713952141503493
0.97015876	0.9777778	0.09084622065226237
0.96761906	0.9585185	0.07587164888779323
0.9657143	0.9540741	0.08601898203293483
0.975873	0.95703703	0.07264556270092726
0.96444446	0.96444446	0.07383064553141594
0.9746032	0.97037035	0.07641093184550603
0.9752381	0.97333336	0.07419950266679128
0.97396827	0.97333336	0.08289794251322746
0.95555556	0.96148145	0.07483779670049746
0.9625397	0.95703703	0.08425344961384933
0.96761906	0.96	0.09454665519297123
0.97079366	0.97481483	0.08975295412043731
0.96507937	0.95111114	0.08430683364470799
0.975873	0.962963	0.07169926725327969
0.97650796	0.9674074	0.07647278284033139
0.97079366	0.96592593	0.06911538292964299
0.98285717	0.9674074	0.07137074321508408
0.9695238	0.98370373	0.07403277854124705
0.9714286	0.9674074	0.07093858160078526
0.96	0.96592593	0.10036955401301384
0.9720635	0.9525926	0.0771226417273283
0.9568254	0.9540741	0.09045621566474438
0.97079366	0.96148145	0.08203472445408504
0.96698415	0.96444446	0.09107198504110177
0.9714286	0.97037035	0.08481094179054101
0.9726984	0.95555556	0.0757324118167162
0.9415873	0.9348148	0.09138366455833118
0.9809524	0.9718518	0.08284167262415092
0.975873	0.96592593	0.08591091508666675
0.975873	0.97333336	0.06313001674910386
0.9815873	0.9718518	0.06799371478458245
0.9790476	0.97481483	0.05483463406562805
0.95619047	0.95555556	0.07189083099365234
0.9726984	0.96444446	0.0682803609718879
0.9746032	0.97333336	0.07582377394040425
0.9752381	0.97481483	0.06816617834071319
0.9720635	0.97037035	0.08075154262284438
0.9822222	0.9762963	0.06604237792392571
0.9777778	0.9807407	0.06414062219361465
0.9860318	0.97333336	0.052501205975810684
0.9860318	0.97037035	0.049518475929896034
0.9809524	0.96444446	0.06563673975567023
0.96126986	0.93925923	0.12624961758653322
0.9663492	0.95111114	0.10499954285720985
0.9568254	0.9540741	0.0953650822242101
0.94666666	0.94666666	0.09936681513984998
0.97396827	0.96148145	0.092314213514328
0.96761906	0.94814813	0.10545179868737857
0.97079366	0.9688889	0.07619078333179156
0.9834921	0.9688889	0.07076201401650906
0.9714286	0.96592593	0.06613959434131782
0.975873	0.96148145	0.06320098865156372
0.9809524	0.9851852	0.06723539593319099
0.9784127	0.9807407	0.05922653215626875
0.98285717	0.9851852	0.058744617427388825
0.9809524	0.97925925	0.05728913595279058
0.9784127	0.9866667	0.05735407459239165
0.9834921	0.9822222	0.047421819840868316
0.9853968	0.9807407	0.056001525993148484
0.9847619	0.9807407	0.05312632769346237
0.9879365	0.96592593	0.04307657511283954
0.9790476	0.97925925	0.05469807703047991
0.9834921	0.9896296	0.05165467939029137
0.9695238	0.9688889	0.06021604376534621
0.9809524	0.9718518	0.05866867210716009
0.97650796	0.95111114	0.06885111952821414
0.9714286	0.96444446	0.06932262082894643
0.95936507	0.95555556	0.08169585093855858
0.9695238	0.9777778	0.0799515787512064
0.9809524	0.9688889	0.07582741789519787
0.9803175	0.98370373	0.06501842228074868
0.9834921	0.9866667	0.06026834497849146
0.9853968	0.97925925	0.046124920869867005
0.96825397	0.96148145	0.059291642159223557
0.9866667	0.9807407	0.06162412526706854
0.9809524	0.9851852	0.05318267084658146
0.97396827	0.9807407	0.04976217386623224
0.9790476	0.9762963	0.050209871803720794
0.9803175	0.9851852	0.05552311924596628
0.9879365	0.98370373	0.045581892132759094
0.9866667	0.9807407	0.051580303659041725
0.9809524	0.97925925	0.04686505223313967
0.9853968	0.9866667	0.04754123060653607
0.9853968	0.98370373	0.049062078818678856
0.9815873	0.97925925	0.04312930287172397
0.9809524	0.9822222	0.04264122868577639
0.9847619	0.98814815	0.03960210798929135
0.9853968	0.9866667	0.0392235298641026
0.9885714	0.9866667	0.037805345840752125
0.9847619	0.9866667	0.044172126799821854
0.9834921	0.9822222	0.039739083498716354
0.9873016	0.98814815	0.04276344863077005
0.9885714	0.98370373	0.044566301008065544
0.9873016	0.9866667	0.043411752209067345
0.984127	0.9807407	0.04381675676753124
0.9822222	0.9777778	0.04542170278728008
0.9866667	0.9807407	0.03837913057456414
0.9866667	0.9851852	0.04427753544102112
0.9866667	0.9896296	0.04661173435548941
0.9853968	0.9777778	0.043706804513931274
0.9866667	0.97925925	0.04564104819049438
0.98285717	0.9851852	0.05211279292901357
0.9771429	0.9822222	0.0450037174547712
0.9726984	0.97037035	0.08191301487386227
0.9746032	0.96148145	0.07212540879845619
0.96444446	0.97481483	0.08326586832602818
0.9746032	0.97481483	0.10549267133076985
0.9847619	0.9674074	0.06339612044394016
0.9860318	0.9866667	0.05851995634535948
0.9834921	0.9851852	0.047784822061657906
0.9853968	0.9851852	0.04515189335991939
0.9860318	0.9822222	0.04106284057100614
0.9892064	0.98370373	0.03819046852489313
0.9714286	0.9777778	0.04748313594609499
0.9695238	0.9777778	0.05734446148077647
0.9803175	0.98370373	0.043538592755794525
0.97333336	0.9777778	0.07396781941254933
0.9714286	0.96592593	0.06388138669232528
0.96380955	0.97037035	0.0616496525083979
0.97079366	0.9674074	0.06958246417343616
0.9746032	0.96444446	0.052495844972630344
0.97968256	0.9807407	0.05726220520834128
0.9873016	0.9822222	0.04270759845773379
0.97968256	0.9851852	0.04220101268341144
0.9726984	0.97481483	0.04254943380753199
0.9847619	0.9822222	0.05076705664396286
0.9873016	0.98814815	0.042321860790252686
0.9873016	0.98814815	0.04037623293697834
0.9866667	0.98814815	0.042995900847017765
0.9885714	0.9822222	0.030279869679361582
0.9885714	0.9851852	0.04301311789701382
0.9860318	0.98370373	0.04025067575275898
0.9892064	0.9896296	0.03525254285583893
0.9898413	0.9911111	0.037585807188103594
0.9904762	0.9822222	0.02690027343730132
0.9885714	0.9822222	0.032191215393443905
0.9879365	0.9807407	0.034063296082119145
0.98285717	0.9896296	0.03564630510906378
0.9873016	0.9866667	0.029634726078559954
0.9873016	0.9896296	0.03953306609764695
0.9815873	0.9866667	0.04821073170751333
0.9898413	0.98370373	0.05001021269708872
0.9815873	0.9777778	0.04438016812006632
0.9847619	0.98814815	0.04188028381516536
0.9847619	0.9866667	0.04265749081969261
0.9866667	0.9807407	0.034550255785385765
0.9847619	0.9851852	0.03809120009342829
0.9771429	0.9762963	0.036439284682273865
0.9866667	0.98370373	0.04394621805598339
0.9822222	0.9822222	0.04881711040313045
0.9803175	0.9822222	0.061895301565527916
0.97333336	0.962963	0.05502517148852348
0.9790476	0.9896296	0.05474703758955002
0.9860318	0.9866667	0.04356998732934395
0.9885714	0.9851852	0.038959283071259655
0.9879365	0.9866667	0.03715250765283903
0.9866667	0.9911111	0.035578042113532625
0.9898413	0.98370373	0.03926696255803108
0.991746	0.9866667	0.030801383778452873
0.9879365	0.9866667	0.02812685437190036
0.9866667	0.9822222	0.033248113468289375
0.9815873	0.98370373	0.04045627235124508
0.9866667	0.9911111	0.04070080040643612
0.9904762	0.98370373	0.03045650850981474
0.9936508	0.97925925	0.02470504151036342
0.97968256	0.9807407	0.0515051392527918
0.9853968	0.9925926	0.03888005608071884
0.9879365	0.97925925	0.035712810698896646
0.9860318	0.9896296	0.036671012795219816
0.9892064	0.9896296	0.03502321274330219
0.9885714	0.99407405	0.029168198506037395
0.9898413	0.9896296	0.026733269759764273
0.992381	0.9851852	0.026430589457352955
0.9904762	0.9925926	0.029234388144686818
0.9911111	0.98814815	0.022403861861675978
0.9911111	0.98370373	0.027391172635058563
0.984127	0.9851852	0.026413712184876204
0.992381	0.9866667	0.029597468674182892
0.9898413	0.9851852	0.02715274055177967
0.9879365	0.9851852	0.031431819312274456
0.9873016	0.9911111	0.04552660323679447
0.98285717	0.98370373	0.03415383336444696
0.9898413	0.9866667	0.030228862538933754
0.9911111	0.97925925	0.026681918029983837
0.9873016	0.99407405	0.03751588054001331
0.9771429	0.962963	0.07437275194873412
0.9777778	0.97925925	0.07210769069691499
0.9866667	0.98814815	0.06344562706847985
0.9853968	0.9718518	0.04319984217484792
0.97650796	0.9822222	0.04907435240844885
0.9790476	0.97037035	0.04403134062886238
0.991746	0.9866667	0.031032380492736895
0.9911111	0.98370373	0.029748431717356045
0.9904762	0.9807407	0.03797593511020144
0.9803175	0.97481483	0.03986304719001055
0.97968256	0.97925925	0.03971229990323385
0.9873016	0.9911111	0.03978101909160614
0.9892064	0.9911111	0.03151466231793165
0.9892064	0.9866667	0.030406295632322628
0.9904762	0.98814815	0.03375463824098309
0.9873016	0.9911111	0.035367024752000965
0.96507937	0.97037035	0.04116004115591446
0.9892064	0.98814815	0.04428424903502067
0.9834921	0.9925926	0.05252817925065756
0.9885714	0.9896296	0.03680152725428343
0.9904762	0.98814815	0.028558356299375493
0.9885714	0.9925926	0.03356281078110138
0.9898413	0.9925926	0.027696128313740093
0.9911111	0.9866667	0.02215003299837311
0.9904762	0.98814815	0.019842441426590085
0.9904762	0.9896296	0.023600627047320206
0.9911111	0.9911111	0.02670182551567753
0.991746	0.9911111	0.023417241560916107
0.9904762	0.9925926	0.025687435176223516
0.9892064	0.9925926	0.033708893693983555
0.9885714	0.99407405	0.026356542327751715
0.9898413	0.99407405	0.03252145772178968
0.97968256	0.9925926	0.04029815550893545
0.97333336	0.96148145	0.023726854162911575
0.9663492	0.97481483	0.039082996857663
0.9790476	0.9762963	0.04684201783190171
0.9847619	0.9866667	0.035187099439402424
0.9866667	0.98370373	0.0336060079280287
0.9860318	0.9851852	0.03169898968189955
0.9936508	0.9807407	0.0244067944586277
0.9879365	0.98814815	0.03351654609044393
0.991746	0.9822222	0.02665820283194383
0.9860318	0.98814815	0.02921825631832083
0.9853968	0.98814815	0.03138801238189141
0.9892064	0.9925926	0.028793647109220426
0.991746	0.9896296	0.024760271500175197
0.9904762	0.9925926	0.023635983932763338
0.9930159	0.9896296	0.022820377567162115
0.9911111	0.99407405	0.02438026313514759
0.9879365	0.9866667	0.027092688406507175
0.9853968	0.9762963	0.03031458364178737
0.9847619	0.9807407	0.05532745520273844
0.9771429	0.97481483	0.03219314354161421
0.9834921	0.9851852	0.05460155693193277
0.9879365	0.9925926	0.045951912800470986
0.9879365	0.9896296	0.04172393927971522
0.9879365	0.9866667	0.026755085680633783
0.9930159	0.9866667	0.03100620675832033
0.9911111	0.9925926	0.031131836585700512
0.9892064	0.9925926	0.026387174303332966
0.9885714	0.99407405	0.025231513505180676
0.9911111	0.9925926	0.026178346946835518
0.9898413	0.9925926	0.028483780411382515
0.9911111	0.9925926	0.0207710067431132
0.9898413	0.9925926	0.025298600705961388
0.992381	0.9925926	0.02212938736192882
0.991746	0.9925926	0.01953732610369722
0.992381	0.9866667	0.016471419716253877
0.991746	0.9851852	0.019248907454311848
0.9898413	0.9955556	0.023807869913677376
0.97396827	0.9851852	0.04996369654933611
0.98285717	0.9851852	0.029816826339811087
0.96698415	0.9688889	0.06196293110648791
0.96	0.96592593	0.048873910369972386
0.9834921	0.98814815	0.048255291456977524
0.9873016	0.9911111	0.055640339851379395
0.9892064	0.9911111	0.0474791427453359
0.9911111	0.9896296	0.03488547044495741
0.9898413	0.9896296	0.029974232117335003
0.992381	0.9822222	0.023616229183971882
0.9904762	0.99407405	0.027558518573641777
0.9885714	0.99703705	0.027085263126840193
0.9942857	0.9851852	0.020461890924101073
0.9885714	0.9985185	0.027486300716797512
0.9898413	0.98814815	0.0226099817858388
0.9930159	0.98814815	0.0210481781202058
0.9930159	0.9911111	0.019014854915440083
0.992381	0.9911111	0.020631860786428053
0.991746	0.9955556	0.02786661187807719
0.992381	0.9911111	0.021482201836382348
0.992381	0.98814815	0.02406470322360595
0.9853968	0.9925926	0.02277450729161501
0.9911111	0.9911111	0.02973567011455695
0.9892064	0.9896296	0.026066709620257218
0.9911111	0.9925926	0.023269913159310818
0.991746	0.9925926	0.02073020689810316
0.9885714	0.9955556	0.028638816438615322
0.9904762	0.99407405	0.022754911798983812
0.9873016	0.99703705	0.027782125708957512
0.9936508	0.98814815	0.02055545213321845
0.96825397	0.9762963	0.0284817839662234
0.9815873	0.9777778	0.10450133463988702
0.9663492	0.95111114	0.1192605731387933
0.9822222	0.97925925	0.09228392193714778
0.9853968	0.98370373	0.0623132660984993
0.9873016	0.96592593	0.049167786414424576
0.9866667	0.9851852	0.054290005937218666
0.9873016	0.9851852	0.04115297800550858
0.9892064	0.9866667	0.03581179212778807
0.9904762	0.9896296	0.027984476648271084
0.992381	0.9896296	0.02902703165697555
0.9936508	0.9911111	0.023104884040852387
0.991746	0.9851852	0.023729251852879923
0.9936508	0.98814815	0.020070677623152733
0.9911111	0.9896296	0.020122618104020756
0.9930159	0.9851852	0.026158981180439394
0.9898413	0.9955556	0.022240533338238794
0.991746	0.9851852	0.02143129923691352
0.9936508	0.98814815	0.024902125199635822
0.9942857	0.9896296	0.02630109836657842
0.992381	0.9925926	0.02342726041873296
0.991746	0.9911111	0.019218962639570236
0.9936508	0.9925926	0.022195160544166963
0.992381	0.99407405	0.019077310105785728
0.9936508	0.9896296	0.023179569902519386
0.9930159	0.9911111	0.017707090281570952
0.9942857	0.98814815	0.02306870751393338
0.992381	0.9925926	0.01761326981553187
0.991746	0.9955556	0.02160629505912463
0.9930159	0.99407405	0.019406522003312904
0.9936508	0.9911111	0.018533521021405857
0.9936508	0.9925926	0.021368303801864386
0.9930159	0.99407405	0.018037048789362114
0.992381	0.99407405	0.01860517729073763
0.9936508	0.9896296	0.018774286843836308
0.9930159	0.9925926	0.02034264849498868
0.9936508	0.9896296	0.020250420241306227
0.991746	0.9866667	0.016674796274552744
0.9930159	0.98814815	0.021843310988818605
0.9853968	0.9851852	0.023533317881325882
0.9936508	0.9911111	0.018252871464937925
0.9930159	0.9896296	0.016744143484781187
0.991746	0.9925926	0.018911183423673112
0.9930159	0.9911111	0.01861652530108889
0.9930159	0.9896296	0.021042813702176016
0.9930159	0.9911111	0.02221951928610603
0.9930159	0.9911111	0.020098979662482936
0.9911111	0.9955556	0.024025819652403396
0.9898413	0.9955556	0.020077286909023922
0.9911111	0.9866667	0.020273595272252958
0.9892064	0.9896296	0.02349159144796431
0.9904762	0.99407405	0.02138474102442463
0.9936508	0.9851852	0.01758862325611214
0.9961905	0.97925925	0.012598100312364599
0.9898413	0.9896296	0.03571383577461044
0.97015876	0.96444446	0.04543047243108352
0.9752381	0.96592593	0.05822431296110153
0.97968256	0.9896296	0.04543240430454413
0.9898413	0.9807407	0.0435573955376943
0.984127	0.9777778	0.033031740225851536
0.9866667	0.9955556	0.03958144194136063
0.9930159	0.9866667	0.03131115219245354
0.991746	0.9911111	0.020427425081531208
0.9911111	0.9896296	0.023150941357016563
0.9936508	0.98814815	0.023252910158286493
0.992381	0.99407405	0.024819577811285853
0.9936508	0.9925926	0.01852966476387034
0.9942857	0.9866667	0.019783873887111742
0.9942857	0.98814815	0.014623760556181272
0.991746	0.99407405	0.021285709148893755
0.992381	0.9911111	0.01943778774390618
0.9834921	0.9851852	0.019930829294025898
0.98285717	0.9807407	0.025025141891092062
0.9879365	0.98814815	0.034696294305225216
0.9847619	0.9896296	0.029307430299619835
0.9892064	0.99407405	0.029550158030663926
0.992381	0.9851852	0.034733217830459275
0.991746	0.98370373	0.024855760236581165
0.9930159	0.98814815	0.02031553474565347
0.9892064	0.99407405	0.02355484020275374
0.9930159	0.99407405	0.022863926831632853
0.9936508	0.9925926	0.019916148701061804
0.9949206	0.9896296	0.01977103017270565
0.992381	0.9955556	0.019189318797240656
0.9930159	0.99407405	0.02182902566467722
0.9942857	0.9896296	0.019702846960475046
0.9936508	0.9925926	0.018738356806958716
0.9911111	0.9985185	0.0234762957940499
0.9936508	0.9925926	0.015431304656279584
0.992381	0.9955556	0.020584795624017715
0.9930159	0.99407405	0.017128411680459976
0.9930159	0.9911111	0.017313417047262192
0.9936508	0.9911111	0.022959294728934765
0.9942857	0.9896296	0.01756340575714906
0.9936508	0.99407405	0.01714524036894242
0.9930159	0.9925926	0.01990809462343653
0.9936508	0.9925926	0.014233186452959975
0.992381	0.9925926	0.022656787807742756
0.9936508	0.9911111	0.021513893269002438
0.9866667	0.9866667	0.02492075941214959
0.9930159	0.98814815	0.01851290340224902
0.992381	0.9955556	0.0200812298959742
0.992381	0.9955556	0.021045889472588897
0.992381	0.9955556	0.022719388206799824
0.991746	0.9955556	0.019176493554065626
0.9942857	0.9925926	0.0187967197659115
0.9911111	0.99703705	0.022335529094561934
0.9936508	0.9925926	0.017868217546492815
0.9911111	0.9925926	0.01756067224778235
0.97079366	0.9718518	0.045454951003193855
0.9860318	0.9807407	0.043377317332973085
0.9873016	0.9925926	0.047459642169997096
0.96698415	0.96148145	0.08375390867392223
0.96380955	0.9525926	0.07124632969498634
0.9809524	0.9762963	0.07744111865758896
0.9803175	0.9822222	0.050702434654037155
0.9853968	0.9896296	0.04416290484368801
0.9898413	0.9822222	0.03632482203344504
0.992381	0.9866667	0.027468606208761532
0.9904762	0.9925926	0.02713915208975474
0.9936508	0.9911111	0.022040693865468104
0.992381	0.9925926	0.022485655266791582
0.9930159	0.9925926	0.018346109233486157
0.9930159	0.98814815	0.01630905654747039
0.9892064	0.98814815	0.019319786845395964
0.9911111	0.98814815	0.024432119137297075
0.9853968	0.98370373	0.024954906043907005
0.9911111	0.98814815	0.02058367958913247
0.9936508	0.9911111	0.02784302458167076
0.9930159	0.9896296	0.01710113704515
0.991746	0.99703705	0.027501994433502357
0.9879365	0.9925926	0.024928210768848658
0.9898413	0.99407405	0.02442540042102337
0.9898413	0.9925926	0.02260170162965854
0.9892064	0.9807407	0.02785853048165639
0.9904762	0.9955556	0.03573416049281756
0.9879365	0.9807407	0.02563339363162716
0.9898413	0.9896296	0.024218390152479213
0.992381	0.99407405	0.023487092927098274
0.9942857	0.9911111	0.0247665091107289
0.9930159	0.99407405	0.01867143592486779
0.992381	0.99407405	0.019541047358264525
0.9942857	0.9925926	0.017995677500342328
0.9936508	0.9925926	0.018692707177251577
0.9930159	0.9925926	0.017430922870213788
0.9936508	0.9896296	0.01654640833536784
0.9949206	0.9896296	0.016416162097205717
0.9936508	0.99407405	0.016803971646974485
0.9911111	0.9985185	0.021196318014214437
0.991746	0.9896296	0.019647943166395027
0.991746	0.9955556	0.020145973656326532
0.9955556	0.9866667	0.016292598719398182
0.9930159	0.9925926	0.02536414338586231
0.992381	0.9955556	0.021015534255032737
0.9942857	0.9911111	0.01948226910705368
0.9936508	0.9925926	0.016981049130360287
0.9942857	0.9896296	0.017631401928762596
0.9949206	0.9911111	0.014434448559768498
0.9936508	0.9925926	0.021107996969173353
0.9930159	0.9925926	0.01767453458160162
0.992381	0.99407405	0.01725103349114458
0.9936508	0.99407405	0.02032234923293193
0.9936508	0.99407405	0.022168445711334545
0.9942857	0.9925926	0.01630517258308828
0.9930159	0.9955556	0.01718711977203687
0.991746	0.9985185	0.019789728025595348
0.9936508	0.99407405	0.0178921304953595
0.9930159	0.9955556	0.01763997320085764
0.9942857	0.9896296	0.015133778098970652
0.9942857	0.9896296	0.015281717448184887
0.992381	0.9896296	0.0194263964270552
0.992381	0.9925926	0.019230930289874475
0.9949206	0.9911111	0.021644260734319687
0.9936508	0.9866667	0.012999931660791239
0.9873016	0.97481483	0.029100829424957435
0.9911111	0.9896296	0.03538412724932035
0.9942857	0.98370373	0.023498940436790388
0.9885714	0.99703705	0.020477038458921015
0.9898413	0.9955556	0.021649528294801712
0.992381	0.9896296	0.017595536618803937
0.9930159	0.99407405	0.01790924680729707
0.9930159	0.9925926	0.01917613227851689
0.9911111	0.9985185	0.022335827195396025
0.9949206	0.9911111	0.015718765168761212
0.9942857	0.9911111	0.013573805685155094
0.9930159	0.9955556	0.017131924551601212
0.992381	0.99703705	0.018489874433726072
0.991746	0.99703705	0.016404100072880585
0.9961905	0.98814815	0.010903674177825451
0.992381	0.9955556	0.01463296846486628
0.9949206	0.9911111	0.013991082708040873
0.9942857	0.9925926	0.013186943562080463
0.992381	0.99703705	0.016108434957762558
0.9961905	0.98814815	0.01176218680726985
0.9930159	0.99407405	0.019868297812839348
0.992381	0.98814815	0.016707347938790917
0.9930159	0.9925926	0.016793925470362108
0.991746	0.9896296	0.02607196879883607
0.9911111	0.9911111	0.01982577083011468
0.9942857	0.9896296	0.024862185431023438
0.9904762	0.9851852	0.014747731387615204
0.9898413	0.9911111	0.02407562065248688
0.9904762	0.9955556	0.027918218945463497
0.9930159	0.9911111	0.01847354182973504
0.991746	0.9911111	0.019712597442169983
0.9930159	0.9955556	0.016033334366511554
0.9936508	0.99407405	0.0168133817302684
0.9936508	0.99407405	0.0193027447288235
0.992381	0.99703705	0.018639661526928347
0.992381	0.9955556	0.016850148793309927
0.9930159	0.9955556	0.01700204114119212
0.9949206	0.9911111	0.01306201882349948
0.991746	0.9955556	0.014779887550200025
0.991746	0.9985185	0.017941659471640985
0.9942857	0.9925926	0.015922032296657562
0.9942857	0.9925926	0.018372246840347845
0.9930159	0.99407405	0.019015435750285786
0.9942857	0.9925926	0.01331239752471447
0.991746	0.99703705	0.014324377290904522
0.9942857	0.9925926	0.01680111140012741
0.9930159	0.9955556	0.015387753257527947
0.9942857	0.9911111	0.012335040528948108
0.9892064	0.99703705	0.02013676264323294
0.9955556	0.98814815	0.01544305270848175
0.9911111	0.9955556	0.023362085223197937
0.991746	0.9866667	0.015333692446195831
0.9847619	0.98370373	0.0212893922192355
0.9784127	0.9777778	0.09095678773398201
0.94539684	0.9348148	0.1569881116350492
0.94095236	0.93925923	0.1153434490164121
0.94984126	0.9674074	0.1435389257967472
0.97333336	0.96444446	0.09485713702936967
0.9777778	0.97481483	0.06766741039852302
0.9822222	0.9822222	0.05428353634973367
0.9911111	0.97925925	0.04990674555301666
0.9892064	0.9896296	0.03709783994903167
0.9879365	0.9955556	0.036217314191162586
0.9911111	0.9911111	0.032841783948242664
0.9911111	0.9896296	0.023993578584243853
0.9936508	0.9866667	0.022673175670206547
0.9942857	0.9866667	0.026027140285198886
0.992381	0.99407405	0.021461463533341885
0.9911111	0.9955556	0.018015267560258508
0.9892064	0.99703705	0.02498409602170189
0.992381	0.9955556	0.021362895611673594
0.9930159	0.99407405	0.021317298679302137
0.9911111	0.9896296	0.01789606308254103
0.9898413	0.99407405	0.02015330211725086
0.991746	0.99703705	0.01941157380739848
0.9930159	0.9955556	0.021171910377840202
0.9930159	0.99407405	0.017965733849753935
0.9936508	0.99407405	0.016295502427965403
0.992381	0.99703705	0.019867445963124435
0.9942857	0.9925926	0.017184050132830937
0.9930159	0.9955556	0.016806170499573152
0.9930159	0.9911111	0.014047143864445388
0.992381	0.99703705	0.02075754028434555
0.9936508	0.99407405	0.020331629396726687
0.9930159	0.99407405	0.016738752058396738
0.9949206	0.9896296	0.01503370290932556
0.991746	0.99703705	0.020444743956128757
0.9961905	0.98814815	0.011500294184467444
0.9968254	0.9866667	0.009137145651038736
0.9955556	0.9896296	0.013514716702047735
0.9955556	0.98814815	0.014044332007567087
0.9949206	0.9911111	0.013237648507735381
0.9930159	0.9955556	0.017433219589293003
0.9942857	0.9911111	0.015782693556199472
0.9911111	1.0	0.022484592084462445
0.9955556	0.9896296	0.014459547121077776
0.9930159	0.9955556	0.01371023514851307
0.9936508	0.9925926	0.01774750044569373
0.9904762	0.99703705	0.01947640844931205
0.991746	0.9851852	0.012611996848136187
0.9911111	0.9896296	0.01714787958189845
0.991746	0.9955556	0.0214363692017893
0.9904762	0.9896296	0.023777050160182018
0.991746	0.9896296	0.020690224909534056
0.9911111	0.9851852	0.013388658311062803
0.9904762	0.99407405	0.020889914730408538
0.992381	0.99407405	0.026942037045955658
0.9936508	0.98814815	0.015218325269718965
0.992381	0.9807407	0.01633914009047051
0.98285717	0.98370373	0.023020907615621884
0.9771429	0.9851852	0.03174377713973323
0.9904762	0.9955556	0.02475418709218502
0.9949206	0.9851852	0.018121460375065606
0.991746	0.9955556	0.024393775733187795
0.9955556	0.98370373	0.026351303948710363
0.9885714	0.9807407	0.026209969228754442
0.9892064	0.9911111	0.02848330729951461
0.992381	0.99407405	0.021781543114533026
0.9930159	0.99407405	0.020974733556310337
0.9968254	0.98370373	0.012374868306020895
0.9942857	0.9925926	0.014159817772451788
0.9930159	0.9955556	0.021900022091964882
0.991746	0.9985185	0.016920606683318812
0.9942857	0.9925926	0.01865132013335824
0.992381	0.9955556	0.01892314199358225
0.992381	0.99407405	0.014005282719153911
0.991746	0.99407405	0.015619140351191163
0.9949206	0.98814815	0.011002774020501723
0.9930159	0.9955556	0.017083522708465654
0.9930159	0.9911111	0.024354636979599793
0.9930159	0.99407405	0.015249051774541536
0.991746	0.99703705	0.01717800258969267
0.9949206	0.9911111	0.017207772160569828
0.9936508	0.99407405	0.021607758128084242
0.9936508	0.99407405	0.01544744505857428
0.992381	0.99703705	0.015311018098145723
0.9936508	0.99407405	0.016106209562470514
0.9942857	0.9925926	0.012871728317501644
0.992381	0.99703705	0.017440604822089274
0.9936508	0.99407405	0.012038367392960936
0.9949206	0.98814815	0.013316874081889788
0.9961905	0.9851852	0.011967077075193325
0.9955556	0.9896296	0.011948665138334036
0.9936508	0.9925926	0.014305191735426584
0.9955556	0.9896296	0.013735415937844664
0.992381	0.9955556	0.016196381611128647
0.992381	0.9955556	0.017636661883443594
0.9942857	0.9925926	0.014175716632356247
0.9942857	0.9925926	0.013148090336471796
0.9949206	0.9911111	0.012532512346903482
0.9949206	0.9911111	0.015338423273836574
0.9942857	0.9925926	0.01446252486978968
0.9942857	0.9911111	0.01168817359333237
0.992381	0.99407405	0.017158131192748744
0.992381	0.9911111	0.014011395319054524
0.991746	0.99703705	0.01868158656482895
0.9942857	0.9911111	0.015878073560694855
0.9955556	0.98814815	0.01439140341244638
0.9936508	0.9911111	0.016926205717027187
0.9936508	0.99407405	0.01568243365424375
0.9930159	0.99407405	0.015107058143864075
0.9936508	0.99407405	0.015660656460871298
0.9942857	0.9911111	0.021196389726052683
0.9955556	0.9896296	0.014086631747583548
0.9942857	0.9911111	0.014465061016380787
0.9949206	0.9896296	0.012858782429248095
0.9936508	0.99407405	0.013418304656321803
0.9936508	0.99407405	0.019770639017224312
0.991746	0.9985185	0.020609494143476088
0.9936508	0.9925926	0.016339652240276337
0.9942857	0.9866667	0.015009409515187144
0.9936508	0.99407405	0.015014461164052287
0.992381	0.99703705	0.017502767654756706
0.9942857	0.9925926	0.013398461354275545
0.9930159	0.9955556	0.01487833634018898
0.9942857	0.9925926	0.014036362059414387
0.9936508	0.99407405	0.018068592335718375
0.9930159	0.9955556	0.017628265389551718
0.992381	0.99703705	0.015630181568364303
0.9930159	0.9955556	0.01601087333013614
0.9942857	0.9925926	0.014822373632341623
0.9949206	0.9911111	0.011496983002871275
0.9949206	0.9911111	0.013159513473510742
0.9936508	0.99407405	0.012774483339550594
0.9936508	0.99407405	0.0158938174135983
0.9936508	0.99407405	0.013981104789612194
0.9942857	0.9925926	0.014569029755269488
0.9955556	0.9896296	0.009289891788891206
0.992381	0.99703705	0.018741213561346132
0.9955556	0.9896296	0.012681521320094665
0.9949206	0.9911111	0.012965596475017568
0.992381	0.99703705	0.015454106032848358
0.9942857	0.9925926	0.014991624707666537
0.9930159	0.9955556	0.016703471386184294
0.9949206	0.9911111	0.01267543986129264
0.9930159	0.9955556	0.014933614060282707
0.9930159	0.9955556	0.012705131860760352
0.9949206	0.9911111	0.014568698747704426
0.9949206	0.9911111	0.01208033955966433
0.9936508	0.99407405	0.014017557570089897
0.9930159	0.99407405	0.014267014727617303
0.9936508	0.99407405	0.01863202654446165
0.9949206	0.9866667	0.01411205002417167
0.9942857	0.9911111	0.01619286936086913
0.97396827	0.9718518	0.027646537055261433
0.9847619	0.9777778	0.03043984528630972
0.97396827	0.97037035	0.059768391152222954
0.97968256	0.9718518	0.05875387197981278
0.9568254	0.9451852	0.0461494584257404
0.9695238	0.9762963	0.06871538423001766
0.97650796	0.97037035	0.05767157239218553
0.9860318	0.9851852	0.04248209794362386
0.991746	0.98814815	0.04077961668372154
0.9898413	0.9896296	0.03007657111932834
0.9898413	0.99407405	0.023654067888855934
0.9930159	0.9925926	0.01831574955334266
0.9936508	0.9911111	0.017696114082355052
0.9936508	0.99407405	0.015475534678747257
0.9955556	0.9896296	0.01892959085913996
0.9898413	0.99703705	0.017703141958918422
0.9930159	0.9955556	0.017863359360489994
0.9936508	0.99407405	0.02295083940650026
0.992381	0.9955556	0.018184052236999076
0.9936508	0.99407405	0.016778727838148672
0.9930159	0.9955556	0.015774806030094624
0.9936508	0.99407405	0.017860230368872482
0.9942857	0.9925926	0.012779145811994871
0.9949206	0.9911111	0.012305546862383684
0.9942857	0.9925926	0.011750250938348472
0.991746	0.9985185	0.01541890607525905
0.9930159	0.9955556	0.018095135999222595
0.991746	0.99407405	0.02132588531821966
0.991746	0.9925926	0.023213289969135076
0.9942857	0.9896296	0.021009368977199
0.9930159	0.99407405	0.023733107838779688
0.9930159	0.9955556	0.01948926504701376
0.9930159	0.9955556	0.021673490448544424
0.9936508	0.99407405	0.01882050946975748
0.9930159	0.9911111	0.01607808602663378
0.9942857	0.9925926	0.013812353970327726
0.9930159	0.9955556	0.015323113650083542
0.9936508	0.9925926	0.013628817861899734
0.9936508	0.99407405	0.018907719446967047
0.9936508	0.99407405	0.014554003408799568
0.9942857	0.9925926	0.01397652675708135
0.991746	0.9985185	0.016538257865856092
0.9961905	0.98814815	0.009809526537234584
0.9936508	0.99407405	0.014454848288247982
0.9930159	0.9955556	0.015135531003276506
0.991746	0.99703705	0.013705930769598732
0.9942857	0.9911111	0.013904547085985541
0.9936508	0.9925926	0.0180039059681197
0.9942857	0.9911111	0.015687544985363882
0.991746	0.99407405	0.013831859764953455
0.9930159	0.9955556	0.02326710126362741
0.9936508	0.9896296	0.014067535987123847
0.9930159	0.9955556	0.014708994577328363
0.992381	0.99703705	0.01593608936915795
0.9942857	0.9911111	0.01562616015629222
0.9942857	0.9925926	0.012289745461506149
0.9942857	0.9925926	0.011681013779404262
0.9949206	0.9911111	0.01456622740564247
0.991746	0.9985185	0.01619703850398461
0.9949206	0.9911111	0.011264812676624084
0.9942857	0.9925926	0.01695296432202061
0.9936508	0.99407405	0.013090867820816735
0.9942857	0.9925926	0.01662611363766094
0.9936508	0.99407405	0.012802057278652986
0.9930159	0.9955556	0.016609238150219124
0.9961905	0.98814815	0.01080593125273784
0.9949206	0.9911111	0.013507816630105177
0.9936508	0.99407405	0.014072148983056346
0.9936508	0.99407405	0.012876335376252731
0.9930159	0.9955556	0.017751156895731885
0.9942857	0.9925926	0.012239247900045788
0.9942857	0.9925926	0.011817827820777893
0.992381	0.99703705	0.018672586573908728
0.9936508	0.99407405	0.014389661761621634
0.992381	0.99703705	0.0145518600086992
0.9936508	0.99407405	0.01620136348841091
0.9930159	0.9955556	0.01330213233207663
0.9936508	0.99407405	0.014300375090291103
0.9949206	0.9911111	0.010512687886754671
0.992381	0.99703705	0.016398028160134952
0.9942857	0.9925926	0.012595597111309568
0.9955556	0.9896296	0.012589009789129099
0.992381	0.99703705	0.01367467816453427
0.9936508	0.99407405	0.013781391937906543
0.9936508	0.99407405	0.01197046988333265
0.9949206	0.9911111	0.011170051293447614
0.9949206	0.9911111	0.010475936442768822
0.9942857	0.9925926	0.01353127354135116
0.9936508	0.99407405	0.019316016075511772
0.9942857	0.9925926	0.011584482000519833
0.9942857	0.9925926	0.014941378807028135
0.9942857	0.9925926	0.011575803539017215
0.9955556	0.9896296	0.010378127151246494
0.9936508	0.99407405	0.014120622111173967
0.991746	0.9985185	0.017971931335826714
0.9936508	0.99407405	0.014310306403785944
0.992381	0.99703705	0.014745087750876943
0.9942857	0.9925926	0.013515057895953456
0.9949206	0.9911111	0.012504963281874856
0.992381	0.99703705	0.014428931375732645
0.9936508	0.99407405	0.016837552034606535
0.991746	0.99703705	0.016980385563025873
0.991746	0.99703705	0.015414366925445696
0.9936508	0.99407405	0.015620240165541569
0.991746	0.9896296	0.020452696985254686
0.9885714	0.9925926	0.01922621678871413
0.9930159	0.9896296	0.020079858407067757
0.9879365	0.9911111	0.05702882415304581
0.96380955	0.9525926	0.035181495205809675
0.9911111	0.98814815	0.058088612742722034
0.9892064	0.9807407	0.0432771984487772
0.9879365	0.9851852	0.030589117668569088
0.9866667	0.9911111	0.02775501770277818
0.9936508	0.99407405	0.023567283681283396
0.9930159	0.98814815	0.022529971785843372
0.9892064	0.9822222	0.020285422292848427
0.9936508	0.99407405	0.021383018077661593
0.9930159	0.9955556	0.01774758465277652
0.992381	0.9925926	0.017430683753142755
0.991746	0.99407405	0.018632488480458658
0.9930159	0.99407405	0.01887733628973365
0.9942857	0.9925926	0.015151951384420196
0.9930159	0.9955556	0.014258842061584195
0.9942857	0.9925926	0.011743510413604477
0.9949206	0.9911111	0.010930672268538425
0.992381	0.99703705	0.020467610641693074
0.9942857	0.9925926	0.015074268293877443
0.9942857	0.9925926	0.01401601677450041
0.9949206	0.9896296	0.012520963636537394
0.992381	0.99703705	0.01584849809296429
0.992381	0.99703705	0.015512027700121203
0.992381	0.99703705	0.019235638591150444
0.9961905	0.98814815	0.01028616827291747
0.9930159	0.9955556	0.013270539464429021
0.992381	0.99703705	0.017493094317615032
0.9955556	0.9896296	0.013242503240083655
0.991746	0.9985185	0.015578191882620255
0.9942857	0.9925926	0.01184464463343223
0.9942857	0.9925926	0.01229928428074345
0.9930159	0.9955556	0.018815803186347086
0.992381	0.9925926	0.01802655643162628
0.991746	0.99703705	0.018342281226068735
0.9898413	0.9896296	0.016488999749223392
0.991746	0.98370373	0.022389334471275408
0.9949206	0.9911111	0.014517760214706263
0.9904762	0.99407405	0.01602860012402137
0.9892064	0.9896296	0.02305029487858216
0.9930159	0.99407405	0.016567996353842318
0.9930159	0.9911111	0.015136110673968991
0.9898413	0.9866667	0.01828277592236797
0.9930159	0.9925926	0.018602133728563786
0.992381	0.9955556	0.015747620530116063
0.9942857	0.9925926	0.013115038940062126
0.992381	0.9911111	0.01720906173189481
0.9879365	0.9851852	0.021016430885841448
0.9822222	0.9777778	0.0206858436188971
0.9853968	0.9822222	0.02145035269980629
0.9904762	0.99407405	0.03196073416620493
0.9936508	0.9851852	0.02374618174508214
0.9911111	0.99407405	0.023081156502788264
0.9930159	0.9896296	0.021458950514594715
0.9936508	0.9925926	0.018085602670907974
0.9936508	0.9925926	0.014054575973811248
0.9942857	0.9911111	0.01795731345191598
0.94095236	0.94074076	0.05891862759987513
0.9885714	0.98370373	0.06571968117107947
0.9847619	0.98370373	0.0859216507524252
0.97650796	0.9674074	0.06367847261329491
0.9784127	0.9777778	0.04934890133639177
0.9873016	0.9896296	0.042744265869259834
0.991746	0.9896296	0.026213231806953747
0.9911111	0.9866667	0.02101503141845266
0.9942857	0.9896296	0.018388899276033044
0.9911111	0.9896296	0.01959892176091671
0.992381	0.9955556	0.017784086832155783
0.9936508	0.99407405	0.0164313077305754
0.9911111	0.9911111	0.02415113104507327
0.9904762	0.9925926	0.02826975518837571
0.9930159	0.9896296	0.016713907786955435
0.992381	0.9925926	0.018418438422183197
0.992381	0.9925926	0.02309311569357912
0.9936508	0.9925926	0.021114972575257223
0.9936508	0.99407405	0.015954419349630673
0.9930159	0.99407405	0.014840116413931051
0.992381	0.99703705	0.018391400575637817
0.9930159	0.9955556	0.015178483367587129
0.9936508	0.99407405	0.013765649093935886
0.9936508	0.9911111	0.015364376556438705
0.9936508	0.99407405	0.016907437859723966
0.992381	0.9955556	0.027447972136239212
0.9911111	0.99703705	0.0167503054253757
0.9930159	0.99407405	0.016091390745714307
0.992381	0.99703705	0.016116395592689514
0.9942857	0.9925926	0.01306298413934807
0.9936508	0.99407405	0.014889297851671776
0.9930159	0.9955556	0.01780015043914318
0.992381	0.9955556	0.01644651172682643
0.9942857	0.9925926	0.013888817746192217
0.9936508	0.99407405	0.014965833475192388
0.9955556	0.9896296	0.013187192380428314
0.991746	0.9985185	0.01928659187008937
0.9930159	0.9955556	0.01337328995577991
0.992381	0.99703705	0.01838004069092373
0.9961905	0.98814815	0.012612357192362348
0.9930159	0.9955556	0.01459934717665116
0.9936508	0.99407405	0.014723324294512471
0.9949206	0.9896296	0.012259035371243954
0.992381	0.9911111	0.012224106428523859
0.9949206	0.9911111	0.014630069645742575
0.9936508	0.99407405	0.013477899444599947
0.9936508	0.9896296	0.0116644626056465
0.9942857	0.9896296	0.012019380597242465
0.9955556	0.9896296	0.014421962744866809
0.9930159	0.9955556	0.013454236681961143
0.9942857	0.9925926	0.011936603036398688
0.9955556	0.9896296	0.015203902420277396
0.9930159	0.9925926	0.016339951117212575
0.992381	0.9955556	0.016901882520566385
0.9961905	0.98814815	0.009521072419981161
0.9942857	0.9925926	0.013130782404914498
0.9949206	0.98814815	0.012547100894153118
0.9936508	0.99407405	0.01936730509623885
0.9936508	0.98814815	0.012272169425462684
0.9942857	0.9925926	0.012612357425192991
0.9949206	0.9911111	0.012297803225616613
0.9936508	0.99407405	0.0161525282698373
0.9930159	0.9955556	0.014671875784794489
0.9930159	0.9955556	0.012785037125771245
0.992381	0.99703705	0.017504365804294746
0.9930159	0.9955556	0.016983812131608527
0.991746	0.9985185	0.015550434278945128
0.9942857	0.9925926	0.015254004625603557
0.9949206	0.9911111	0.014277852916469177
0.9942857	0.9925926	0.012094359224041304
0.9942857	0.9925926	0.013411389042933783
0.991746	0.9985185	0.01280797078895072
0.9942857	0.9925926	0.015037121251225471
0.9942857	0.9925926	0.011665093683404848
0.9942857	0.9925926	0.014555662094304958
0.9930159	0.9955556	0.013245448470115662
0.991746	0.9985185	0.02100973203778267
0.9955556	0.9896296	0.010642343666404486
0.9930159	0.9955556	0.014709802344441414
0.9942857	0.9925926	0.013618725119158626
0.9949206	0.9911111	0.010985383996739984
0.9930159	0.9955556	0.015666002640500665
0.9936508	0.99407405	0.015158188141261538
0.9949206	0.9911111	0.010685917222872376
0.9930159	0.9955556	0.012187667385054132
0.9949206	0.9911111	0.012372453541805347
0.992381	0.99703705	0.017528661138688523
0.9930159	0.9955556	0.014292054761123532
0.9930159	0.9955556	0.014009851729497313
0.9942857	0.9925926	0.012116796725119153
0.9942857	0.9925926	0.013843363539005319
0.9936508	0.99407405	0.013758206429580847
0.9961905	0.98814815	0.009710049644733468
0.9942857	0.9925926	0.012419746218559643
0.992381	0.99703705	0.017640443829198677
0.9955556	0.9896296	0.012321072572376579
0.9949206	0.9911111	0.012337137168894211
0.9936508	0.99407405	0.012209007206062475
0.9930159	0.9955556	0.012682100525125861
0.9936508	0.99407405	0.015086411188046137
0.9930159	0.9955556	0.014637882976482311
0.9949206	0.9911111	0.01173685040945808
0.9930159	0.9955556	0.012701521006723246
0.9942857	0.9925926	0.014161402747655908
0.9936508	0.99407405	0.012582544470205903
0.9949206	0.9911111	0.011677592216680447
0.9936508	0.99407405	0.01370624809836348
0.9942857	0.9925926	0.012776951072737575
0.9949206	0.9911111	0.011014384062339863
0.9949206	0.9911111	0.011395201475049058
0.9930159	0.9955556	0.012648824253119528
0.9968254	0.9866667	0.008794425297916556
0.9942857	0.9925926	0.0130505480337888
0.9942857	0.9925926	0.01743548976567884
0.9936508	0.99407405	0.014815493331601223
0.9955556	0.9896296	0.013472124429730078
0.992381	0.99703705	0.020201985355621826
0.9930159	0.9955556	0.014715011231601238
0.9942857	0.9925926	0.0141546370772024
0.9930159	0.9955556	0.014095412644868096
0.9930159	0.9955556	0.012569520234440764
0.9949206	0.9911111	0.010327107971534133
0.9936508	0.99407405	0.011213193269213662
0.9930159	0.9955556	0.015082172506178418
0.9949206	0.9911111	0.010458525735884905
0.992381	0.99703705	0.015619807333375016
0.9936508	0.99407405	0.013654406337688366
0.992381	0.99703705	0.016562228401501972
0.9942857	0.9925926	0.009697175303396458
0.9955556	0.9896296	0.011256318228940168
0.992381	0.99703705	0.013356406261057904
0.9955556	0.9896296	0.013016526742527882
0.992381	0.99703705	0.01669310041082402
0.9949206	0.9911111	0.010697451604452604
0.9930159	0.9955556	0.01594274801512559
0.9949206	0.9911111	0.010778785993655523
0.9930159	0.9955556	0.014832458070789775
0.9942857	0.9925926	0.011390964578216275
0.9936508	0.99407405	0.0187423814398547
0.9936508	0.99407405	0.015657897262523573
0.9866667	0.9866667	0.01774682430550456
0.98285717	0.9822222	0.022325263513873022
0.9898413	0.9851852	0.028302800686409075
0.9853968	0.98370373	0.04154172043005625
0.9898413	0.9925926	0.026189384361108143
0.991746	0.99407405	0.019828494793425005
0.992381	0.9896296	0.01988488668575883
0.991746	0.9985185	0.027233991927156847
0.9911111	0.9955556	0.021946412045508623
0.9898413	0.99407405	0.019428344753881294
0.9949206	0.9851852	0.015029786775509516
0.9942857	0.98814815	0.014470979105681181
0.992381	0.9822222	0.016819048672914505
0.9936508	0.98814815	0.01698927798618873
0.992381	0.9955556	0.019638311583548784
0.9898413	0.99407405	0.017425038386136293
0.9930159	0.9896296	0.012148646366161605
0.9955556	0.9896296	0.01615381772474696
0.9949206	0.9911111	0.01556818870206674
0.9936508	0.99407405	0.0159449342948695
0.9936508	0.99407405	0.013622936870281896
0.9961905	0.98814815	0.010621558253963789
0.9930159	0.9955556	0.014137019325668613
0.9936508	0.99407405	0.015560768738699457
0.992381	0.99703705	0.017014126603802044
0.9936508	0.99407405	0.012811916725089153
0.9930159	0.9955556	0.017348975758068264
0.992381	0.9911111	0.013093716416430349
0.9930159	0.9896296	0.015053356842448315
0.992381	0.99703705	0.02284551862006386
0.9930159	0.9955556	0.014395150045553843
0.9930159	0.9955556	0.014690367815395197
0.9942857	0.9925926	0.011673648531238237
0.9942857	0.9925926	0.012352030879507462
0.9936508	0.99407405	0.013952249273036918
0.991746	0.9955556	0.01528282385940353
0.9885714	0.98370373	0.014966046903282404
0.9777778	0.9807407	0.023224400288502995
0.9930159	0.9911111	0.023244143463671207
0.9936508	0.98814815	0.03076187598829468
0.991746	0.9822222	0.018178391503170133
0.9942857	0.9896296	0.02296200394630432
